# Avida Average Data
# Fri Jun 24 15:30:02 2011
#  1: Update
#  2: Merit
#  3: Gestation Time
#  4: Fitness
#  5: Repro Rate?
#  6: Size
#  7: Copied Size
#  8: Executed Size
#  9: Abundance
# 10: Proportion of organisms that gave birth in this update
# 11: Proportion of Breed True Organisms
# 12: Genotype Depth
# 13: Generation
# 14: Neutral Metric
# 15: Lineage Label
# 16: True Replication Rate (based on births/update, time-averaged)

0 97 389 0 0 100 100 97 1 1 1 0 0 0 0 0 
100 97.0333 390.833 0.248664 0 100 100 97.0333 4.8 0 0 1.14167 6.96667 1.45064 0 0 
200 96.7294 388.163 0.249378 0 100 100 96.7294 4.2654 0.0408333 0.035 1.62972 14.9125 1.76283 0 0 
300 96.5406 388.397 0.248984 0 100 100 96.5406 3.0176 0.0780556 0.0627778 2.25056 22.665 1.99955 0 0 
400 96.3933 387.796 0.249001 0 100 100 96.3933 2.79503 0.0711111 0.0583333 2.82639 30.3619 1.8068 0 0 
500 96.3136 387.106 0.249206 0 100 100 96.3136 2.64123 0.0483333 0.0388889 3.42167 38.1553 1.88393 0 0.16699 
600 96.2738 385.76 0.2498 0 100 100 96.2738 2.54759 0.0457207 0.0384723 4.02676 46.0413 1.65955 0 0.167386 
700 96.3274 386.066 0.249963 0 100 100 96.3274 2.63069 0.0463299 0.037957 4.75579 53.9163 1.77113 0 0.168223 
800 96.2511 385.004 0.250373 0 100 100 96.2511 2.66272 0.0513889 0.0422222 5.29139 61.7633 2.33941 0 0.169041 
900 96.1789 383.753 0.250887 0 100 100 96.1789 2.60304 0.0561111 0.0461111 5.99333 69.6489 2.80298 0 0.16978 
1000 96.1419 383.765 0.250884 0 100 100 96.1419 2.72315 0.0602778 0.0511111 6.55694 77.5778 3.2523 0 0.169938 
1100 96.3006 382.834 0.251803 0 100 100 96.3006 2.67062 0.0625 0.0491667 6.96333 85.5181 4.16371 0 0.170155 
1200 96.3811 382.902 0.252026 0 100 100 96.3811 2.58807 0.0619444 0.0511111 7.60833 93.4306 3.94277 0 0.170352 
1300 96.2967 382.527 0.252044 0 100 100 96.2967 2.7088 0.0519444 0.0438889 8.16333 101.36 4.11331 0 0.170499 
1400 96.2563 382.429 0.252097 0 100 100 96.2563 2.71483 0.0604625 0.0504319 8.7693 109.365 3.92087 0 0.170748 
1500 96.2609 381.295 0.252772 0 100 100 96.2609 2.57389 0.0512821 0.0404125 9.59643 117.352 5.12496 0 0.170852 
1600 96.1972 381.405 0.252663 0 100 100 96.1972 2.66272 0.0588889 0.0480556 10.39 125.365 4.1986 0 0.17091 
1700 96.2003 380.527 0.253133 0 100 100 96.2003 2.61713 0.0598601 0.0467133 10.9049 133.252 4.43742 0 0.171003 
1800 96.1886 379.615 0.253643 0 100 100 96.1886 2.56046 0.0455556 0.0369444 11.5156 141.273 4.00952 0 0.171285 
1900 96.0542 378.937 0.253636 0 100 100 96.0542 2.68657 0.0569444 0.0491667 11.8125 149.192 4.99723 0 0.171448 
2000 96.0508 378.904 0.253782 0 100 100 96.0508 2.72934 0.0533333 0.0458333 12.4594 157.173 5.29551 0 0.171707 
2100 95.9905 378.578 0.253782 0 100 100 95.9905 2.63503 0.0636694 0.049986 12.9542 165.223 4.72943 0 0.171946 
2200 96.0819 378.819 0.253976 0 100 100 96.0819 2.64511 0.0538889 0.0458333 13.5528 173.197 5.26117 0 0.172185 
2300 99.9128 382.189 0.260325 0 100 100 96.265 2.60681 0.0538889 0.0444444 14.4367 181.687 4.87918 0 0.172534 
2400 288.424 450.736 0.617953 0 100 100 97.4467 3.05085 0.07 0.0597222 16.9333 202.667 -3.20134 0 0.189864 
2500 497.206 477.283 1.03946 0 100 100 97.8572 3.46487 0.0594444 0.0466667 18.3533 217.717 -6.21186 0 0.261766 
2600 708.572 477.856 1.48346 0 100 100 97.8469 3.62903 0.0711111 0.0597222 19.355 230.501 -6.84165 0 0.404237 
2700 786.678 477.209 1.64914 0 100 100 97.7689 3.24617 0.0275 0.0213889 19.8653 238.793 -6.17172 0 0.580427 
2800 1255.22 477.369 2.63265 0 100 100 97.84 3.29068 0.0633333 0.0522222 20.1775 252.601 -0.570997 0 0.827601 
2900 2364.36 476.219 4.96761 0 100 100 97.7819 3.73832 0.0166667 0.0144444 21.3108 268.196 3.03004 0 1.27792 
3000 2876.18 476.008 6.04429 0 100 100 97.7289 3.85852 0.0727778 0.0602778 22.1472 279.296 3.18883 0 1.94525 
3100 2955.08 475.731 6.21624 0 100 100 97.6264 3.45158 0.0369444 0.03 22.4297 286.558 3.31221 0 2.61001 
3200 2946.7 474.248 6.22081 0 100 100 97.715 3.27571 0.0363889 0.0305556 22.7047 293.525 2.71453 0 3.26507 
3300 2970.74 471.448 6.31965 0 100 100 97.7725 3.13316 0.045 0.0375 23.0875 300.504 2.7198 0 3.84056 
3400 2963.95 464.468 6.42259 0 100 100 97.6825 3.09544 0.0463889 0.0394444 23.5914 307.7 2.22985 0 4.20709 
3500 2962.32 445.176 6.74781 0 100 100 97.6964 2.98755 0.0530556 0.0441667 24.4586 316.468 1.33397 0 4.33082 
3600 2954.13 417.613 7.17605 0 100 100 97.6528 3.13043 0.0483333 0.0422222 25.4372 326.622 1.12515 0 4.43854 
3700 3042.3 394.815 7.75742 0 100 100 97.7292 3.2057 0.0513889 0.0447222 26.3089 337.478 -0.800911 0 4.59194 
3800 3868.91 399.086 9.61532 0 100 100 97.735 3.1746 0.0411111 0.0341667 27.2369 348.304 -0.0400719 0 4.87363 
3900 5568.06 400.716 14.0219 0 100 100 97.8828 3.55731 0.0802778 0.0644444 29.2697 363.688 3.54326 0 5.65218 
4000 5877.3 384.755 15.3875 0 100 100 97.8942 3.66599 0.0588889 0.0491667 30.665 375.493 4.38014 0 6.76859 
4100 6447.75 374.681 17.2942 0 100 100 97.8449 3.52409 0.0546875 0.0443638 31.553 385.48 4.47905 0 7.97369 
4200 59226.9 374.12 158.496 0 100 100 97.9222 4.0404 0.0280556 0.0230556 34.3431 407.53 -3.42389 0 20.8938 
4300 89376.1 373.522 239.456 0 100 100 97.9122 4.07701 0.0825 0.0652778 35.3064 422.603 -2.29213 0 47.3162 
4400 92400.6 373.895 247.624 0 100 100 97.8919 3.52941 0.0675 0.0541667 35.6817 432.132 -2.6203 0 79.2776 
4500 92394.2 373.958 247.424 0 100 100 97.82 3.4188 0.0433333 0.0375 35.9353 440.892 -3.01901 0 111.66 
4600 92739.9 373.368 248.775 0 100 100 97.8119 3.2491 0.0591667 0.0472222 36.1889 449.702 -3.47038 0 143.708 
4700 92283 371.261 249.36 0 100 100 97.735 3.28767 0.0513889 0.0427778 36.4694 458.559 -4.35069 0 163.828 
4800 93193.1 361.876 260.222 0 100 100 97.7642 3.25203 0.0591667 0.0483333 36.8717 468.136 -5.4633 0 170.997 
4900 92739.9 329.712 289.645 0 100 100 97.6689 3.27273 0.0633333 0.0544444 37.5658 481.037 -6.9087 0 174.444 
5000 92826.8 285.853 329.298 0 100 100 97.7008 3.61083 0.065 0.0533333 38.3136 497.566 -8.85139 0 182.404 
