# Avida Average Data
# Fri Jun 24 16:00:02 2011
#  1: Update
#  2: Merit
#  3: Gestation Time
#  4: Fitness
#  5: Repro Rate?
#  6: Size
#  7: Copied Size
#  8: Executed Size
#  9: Abundance
# 10: Proportion of organisms that gave birth in this update
# 11: Proportion of Breed True Organisms
# 12: Genotype Depth
# 13: Generation
# 14: Neutral Metric
# 15: Lineage Label
# 16: True Replication Rate (based on births/update, time-averaged)

0 97 389 0 0 100 100 97 1 1 1 0 0 0 0 0 
100 96.6694 387.81 0.249255 0 100 100 96.6694 4.84 0 0 0.892562 6.97521 1.1031 0 0 
200 96.5278 387.841 0.248994 0 100 100 96.5278 4.16185 0.0269444 0.0225 1.44694 14.9253 0.975903 0 0 
300 96.4203 387.608 0.248917 0 100 100 96.4203 3.16344 0.0761111 0.0655556 2.01722 22.71 0.621974 0 0 
400 96.2664 387.146 0.248865 0 100 100 96.2664 2.9316 0.0625 0.0519444 2.65083 30.4328 0.815581 0 0 
500 96.3139 386.45 0.249404 0 100 100 96.3139 2.65291 0.0497222 0.0422222 3.25917 38.2178 0.95754 0 0.167389 
600 96.2758 386.405 0.249411 0 100 100 96.2758 2.72109 0.0447222 0.0363889 3.79639 46.0356 1.22221 0 0.167907 
700 96.1381 385.777 0.249467 0 100 100 96.1381 2.60492 0.0519444 0.0419444 4.28722 53.8978 1.57488 0 0.168453 
800 95.9119 384.783 0.249461 0 100 100 95.9119 2.79938 0.0436111 0.0377778 4.87972 61.7558 2.2227 0 0.168989 
900 96.1306 384.568 0.250161 0 100 100 96.1306 2.67261 0.0530556 0.0452778 5.41 69.6597 1.98116 0 0.169451 
1000 96.2703 384.777 0.250502 0 100 100 96.2703 2.6393 0.0497222 0.0397222 5.97861 77.5708 1.73416 0 0.169984 
1100 96.2867 383.861 0.25098 0 100 100 96.2867 2.68456 0.0561111 0.0458333 6.30528 85.4422 1.80162 0 0.170235 
1200 96.2342 383.916 0.250917 0 100 100 96.2342 2.60681 0.0497222 0.0388889 6.74861 93.3103 1.34295 0 0.170195 
1300 96.1756 384.533 0.250547 0 100 100 96.1756 2.66667 0.0558333 0.0447222 7.34639 101.201 1.0924 0 0.170165 
1400 96.0982 383.183 0.251084 0 100 100 96.0982 2.63717 0.0514541 0.0405481 7.88367 109.068 0.694222 0 0.170301 
1500 96.0008 382.2 0.251363 0 100 100 96.0008 2.65683 0.0527778 0.0438889 8.38222 116.998 0.484225 0 0.170046 
1600 96.015 381.735 0.251685 0 100 100 96.015 2.69461 0.0513889 0.0444444 9.02167 124.945 0.0850684 0 0.169886 
1700 96.1981 382.211 0.252058 0 100 100 96.1981 2.7088 0.0586111 0.0480556 9.6 132.912 -0.134384 0 0.170079 
1800 96.1872 382.354 0.251977 0 100 100 96.1872 2.77564 0.0536111 0.0461111 10.1372 140.794 -0.60588 0 0.170293 
1900 96.3492 381.227 0.252957 0 100 100 96.3492 2.6926 0.0494444 0.0408333 10.8617 148.869 0.604048 0 0.170489 
2000 96.3509 381.956 0.252684 0 100 100 96.3509 2.6689 0.0477787 0.0374406 11.4213 156.813 1.16982 0 0.170803 
2100 96.3342 381.199 0.253098 0 100 100 96.3342 2.61059 0.0463889 0.0391667 11.9972 164.759 1.68476 0 0.171186 
2200 96.3369 380.941 0.253265 0 100 100 96.3369 2.66469 0.0527778 0.0438889 12.5258 172.771 2.57257 0 0.171321 
2300 96.3533 379.866 0.253933 0 100 100 96.3533 2.61818 0.0552778 0.0455556 13.1272 180.841 2.81059 0 0.171609 
2400 96.2378 379.991 0.253657 0 100 100 96.2378 2.72521 0.0636111 0.0511111 13.4919 188.821 1.94569 0 0.171658 
2500 96.3597 379.346 0.254382 0 100 100 96.1172 2.67062 0.0575 0.0486111 14.185 196.801 1.83075 0 0.171614 
2600 96.5225 378.905 0.255047 0 100 100 96.1458 2.65879 0.0652778 0.0541667 14.7142 204.954 1.32455 0 0.17181 
2700 98.3125 378.384 0.260126 0 100 100 96.2406 2.66075 0.0541667 0.0436111 15.2556 213.854 0.884148 0 0.172457 
2800 305.404 377.281 0.811015 0 100 100 96.1267 3.25203 0.0636111 0.0519444 17.2344 240.068 1.74701 0 0.196413 
2900 369.869 377.216 0.981594 0 100 100 96.0211 3.84615 0.0630556 0.0522222 17.9897 256.703 2.05307 0 0.285906 
3000 395.515 376.788 1.05021 0 100 100 96.0531 3.5225 0.0463889 0.0372222 18.5658 268.668 1.10056 0 0.387765 
3100 460.204 376.759 1.22339 0 100 100 95.9347 3.44828 0.0563889 0.0463889 19.2075 281.361 -1.13228 0 0.508545 
3200 497.01 376.002 1.32401 0 100 100 95.9089 3.41026 0.0548594 0.0448343 19.68 292.708 -2.27728 0 0.650404 
3300 506.193 376.002 1.34796 0 100 100 95.9536 3.18866 0.0555556 0.0472222 20.125 302.597 -2.81924 0 0.774965 
3400 503.314 375.157 1.34322 0 100 100 95.9003 3.17181 0.0613889 0.0536111 20.4264 311.651 -2.21741 0 0.835338 
3500 506.583 375.37 1.3515 0 100 100 95.8622 3.29369 0.0619444 0.0555556 20.6283 320.864 -2.85399 0 0.883068 
3600 503.547 374.757 1.34449 0 100 100 95.8519 3.14136 0.0541667 0.0416667 20.9342 329.78 -2.79121 0 0.913513 
3700 502.286 375.297 1.33966 0 100 100 95.8747 3.04054 0.0486111 0.0402778 21.4039 338.789 -3.49957 0 0.921144 
3800 510.761 374.912 1.36463 0 100 100 95.8314 3.02775 0.0469444 0.0397222 21.7286 347.536 -3.6155 0 0.922896 
3900 509.865 374.063 1.36392 0 100 100 95.7561 3.06644 0.0488889 0.0422222 22.07 356.414 -3.17614 0 0.922678 
4000 519.717 374.434 1.38946 0 100 100 95.7311 3.17741 0.0525 0.0452778 22.5522 365.223 -3.18712 0 0.92292 
4100 1765.33 368.911 4.8047 0 100 100 95.0139 3.61446 0.0408333 0.0344444 26.8725 382.518 -8.4481 0 1.09606 
4200 1968.21 367.241 5.36492 0 100 100 94.8547 3.85027 0.0475 0.0361111 27.8894 394.121 -8.98808 0 1.62908 
4300 1984.92 368.092 5.4045 0 100 100 94.8314 3.60721 0.0588889 0.0480556 28.1881 403.426 -8.56538 0 2.17668 
4400 1971.69 367.627 5.37043 0 100 100 94.885 3.58923 0.0586111 0.0469444 28.3286 412.689 -8.4936 0 2.72749 
4500 1953.87 367.201 5.32485 0 100 100 94.8428 3.35196 0.0563889 0.0475 28.6303 421.992 -8.68457 0 3.28091 
4600 1969.63 366.819 5.37533 0 100 100 94.8472 3.26087 0.0547222 0.0438889 28.9722 431.194 -7.71084 0 3.66524 
4700 1982.68 367.221 5.40659 0 100 100 94.8297 3.17741 0.0530556 0.0436111 29.2378 440.641 -7.54221 0 3.68403 
4800 1993.93 368.486 5.42384 0 100 100 94.7986 3.27571 0.0525 0.0425 29.4186 450.073 -7.84649 0 3.69563 
4900 1974.92 366.646 5.3924 0 100 100 94.7217 3.2345 0.0488889 0.04 29.7939 459.6 -7.41904 0 3.70789 
5000 1990.02 366.887 5.43382 0 100 100 94.7175 3.29369 0.0569444 0.0466667 30.065 469.221 -7.86912 0 3.71054 
