# Avida Average Data
# Fri Jun 24 15:50:09 2011
#  1: Update
#  2: Merit
#  3: Gestation Time
#  4: Fitness
#  5: Repro Rate?
#  6: Size
#  7: Copied Size
#  8: Executed Size
#  9: Abundance
# 10: Proportion of organisms that gave birth in this update
# 11: Proportion of Breed True Organisms
# 12: Genotype Depth
# 13: Generation
# 14: Neutral Metric
# 15: Lineage Label
# 16: True Replication Rate (based on births/update, time-averaged)

0 97 389 0 0 100 100 97 1 1 1 0 0 0 0 0 
100 97 388.195 0.249875 0 100 100 97 3.5 0 0 1.58442 6.96104 1.68345 0 0 
200 96.9269 389.059 0.249504 0 100 100 96.9269 3.34351 0.0205479 0.0205479 2.56621 14.9543 2.29991 0 0 
300 96.781 387.524 0.249956 0 100 100 96.781 3.20455 0.0620567 0.0478723 3.53546 22.7429 3.35833 0 0 
400 96.5623 387.802 0.249418 0 100 100 96.4304 3.13494 0.0765745 0.0634345 4.48482 30.5029 3.69345 0 0 
500 97.576 387.407 0.252381 0 100 100 96.0439 2.84779 0.0630039 0.0516572 5.49328 38.3147 3.06473 0 0.170168 
600 100.126 386.324 0.259638 0 100 100 96.1177 2.60406 0.0533756 0.0447201 6.13156 46.543 2.96345 0 0.172119 
700 117.908 386.14 0.30664 0 100 100 96.0698 2.55087 0.0541311 0.0438746 6.93162 56.4798 2.43167 0 0.175918 
800 169.575 385.298 0.442962 0 100 100 95.9835 2.57401 0.0530154 0.0457223 8.30014 71.9792 2.34678 0 0.193891 
900 238.492 384.242 0.623765 0 100 100 95.9909 2.58088 0.0532764 0.0444444 9.63276 90.2558 2.97926 0 0.233871 
1000 360.88 383.842 0.945835 0 100 100 96.0788 2.76047 0.0483963 0.0386598 11.3038 115.942 6.09623 0 0.309228 
1100 465.503 381.781 1.22382 0 100 100 96.1218 2.78857 0.0547424 0.0430328 12.7834 140.219 8.48226 0 0.424639 
1200 574.583 380.85 1.5116 0 100 100 96.2246 2.78554 0.0594002 0.0472895 14.1664 165.918 11.2029 0 0.576766 
1300 678.564 380.969 1.7864 0 100 100 96.3216 2.7987 0.0611949 0.0487239 15.3054 186.231 12.8324 0 0.752761 
1400 752.853 380.753 1.98337 0 100 100 96.3406 2.81698 0.0503366 0.0403863 16.067 202.226 14.7318 0 0.938806 
1500 856.779 380.726 2.25384 0 100 100 96.3772 2.77522 0.0506583 0.0420721 16.7696 219.207 16.2856 0 1.12449 
1600 971.451 380.914 2.55406 0 100 100 96.4805 2.87677 0.0463097 0.0387844 17.2194 233.628 17.4198 0 1.30455 
1700 1060.75 380.34 2.79322 0 100 100 96.5154 2.96469 0.0546194 0.045032 17.6929 246.588 19.0153 0 1.48125 
1800 1164.22 380.62 3.06646 0 100 100 96.4488 2.97904 0.0548226 0.0451481 18.0988 259.987 19.266 0 1.66261 
1900 1275.79 379.308 3.37201 0 100 100 96.4627 3.01899 0.0554058 0.0455226 18.5055 273.062 20.6272 0 1.85276 
2000 1358.97 378.82 3.59308 0 100 100 96.3818 3.00876 0.05617 0.0462747 18.9304 286.632 22.0618 0 2.04166 
2100 1408.89 379.105 3.72722 0 100 100 96.3678 3.06233 0.0581564 0.0500145 19.2457 298.194 22.1401 0 2.22352 
2200 1423.14 377.885 3.77444 0 100 100 96.3679 3.11215 0.0630631 0.0507508 19.4495 307.177 21.8837 0 2.3785 
2300 1435.35 378.002 3.80679 0 100 100 96.3008 2.95895 0.0513577 0.0386659 19.5339 316.22 21.6552 0 2.49364 
2400 1430.4 377.14 3.79806 0 100 100 96.2311 2.99213 0.0572597 0.0467426 19.8192 325.094 22.0275 0 2.56562 
2500 1412.27 377.807 3.75141 0 100 100 96.1777 2.87133 0.0505263 0.0430075 20.1516 333.699 22.2656 0 2.60458 
2600 1451.85 376.644 3.86067 0 100 100 96.1939 3.00434 0.0459405 0.0384282 20.4779 342.439 22.9189 0 2.62003 
2700 1512.65 376.294 4.02487 0 100 100 96.2203 2.91186 0.0445285 0.0369616 20.7779 350.768 22.806 0 2.64049 
2800 1832.31 377.274 4.87508 0 100 100 96.2047 2.95193 0.0660076 0.0549578 21.1108 362.22 21.2808 0 2.71854 
2900 2649.7 376.14 7.08131 0 100 100 96.2097 2.91961 0.0596067 0.0490166 22.0154 378.562 19.0198 0 3.01264 
3000 4204.04 375.54 11.2095 0 100 100 95.8932 3.04798 0.0685185 0.0549383 23.4824 400.053 17.5592 0 3.76472 
3100 6271.31 373.634 16.8632 0 100 100 95.6752 3.07078 0.0647163 0.0508274 25.6002 431.098 13.854 0 5.19323 
3200 7900.42 371.814 21.3133 0 100 100 95.3412 3.11219 0.0584214 0.0478558 27.3198 457.8 12.4568 0 7.26245 
3300 21690.8 371.843 58.592 0 100 100 95.1448 3.19598 0.0514508 0.0442716 28.5369 480.786 11.0679 0 11.1156 
3400 49585.8 371.33 133.79 0 100 100 94.9275 3.25977 0.0551228 0.0431396 30.0947 509.464 7.90916 0 24.0904 
3500 68587.3 371.447 184.772 0 100 100 94.8411 3.37877 0.0625192 0.052356 31.8106 541.562 6.5194 0 44.888 
3600 80572.2 370.731 217.536 0 100 100 94.8562 3.09501 0.0534954 0.043465 33.0413 566.228 6.37966 0 71.3843 
3700 86313.6 370.353 233.331 0 100 100 94.8586 3.286 0.0592593 0.0490741 33.8019 583.646 6.70751 0 100.9 
3800 87814.5 370.653 237.189 0 100 100 94.8709 3.07878 0.0523781 0.0433474 34.2992 595.269 6.61314 0 129.726 
3900 89072.2 371.952 240.092 0 100 100 94.9205 3.12476 0.062481 0.0536422 34.6013 604.749 6.60008 0 149.575 
4000 88316.4 370.978 238.407 0 100 100 94.9833 2.9408 0.0600805 0.0498606 34.8944 613.977 6.54577 0 161.183 
4100 89158.7 370.143 241.123 0 100 100 95.0054 3.03913 0.058982 0.048503 35.35 623.427 7.00467 0 166.241 
4200 89397.3 370.006 241.842 0 100 100 94.9321 3.20418 0.062537 0.0515708 35.7765 632.162 6.59512 0 167.711 
4300 88933.8 369.856 240.7 0 100 100 94.9295 3.03864 0.0551014 0.0472298 36.0863 640.986 6.48174 0 168.393 
4400 88131.6 369.575 238.664 0 100 100 94.9087 2.9553 0.0652432 0.051898 36.5261 649.906 6.75681 0 168.48 
4500 89672.9 370.467 242.422 0 100 100 94.9019 2.99039 0.0581192 0.0493575 36.9334 659.18 7.43145 0 168.656 
4600 89407.2 370.395 241.785 0 100 100 94.9484 2.99368 0.0627073 0.0512511 37.3352 667.84 7.57587 0 169.01 
4700 89918.9 371.076 242.899 0 100 100 94.9433 3.24809 0.0569918 0.0490599 37.5414 676.404 7.05162 0 169.263 
4800 89626.3 370.041 242.553 0 100 100 94.9628 3.09738 0.0637848 0.0519952 37.8062 685.069 7.63111 0 169.179 
4900 88543.7 369.195 240.089 0 100 100 94.9488 2.95392 0.0533541 0.0418097 38.0952 693.712 6.71585 0 169.276 
5000 89804.6 368.932 243.54 0 100 100 94.9895 3.02564 0.0599065 0.0496786 38.3372 702.467 7.80173 0 169.194 
