# Avida Average Data
# Fri Jun 24 16:15:49 2011
#  1: Update
#  2: Merit
#  3: Gestation Time
#  4: Fitness
#  5: Repro Rate?
#  6: Size
#  7: Copied Size
#  8: Executed Size
#  9: Abundance
# 10: Proportion of organisms that gave birth in this update
# 11: Proportion of Breed True Organisms
# 12: Genotype Depth
# 13: Generation
# 14: Neutral Metric
# 15: Lineage Label
# 16: True Replication Rate (based on births/update, time-averaged)

0 97 389 0 0 100 100 97 1 1 1 0 0 0 0 0 
100 97 388.803 0.249484 0 100 100 97 3.94444 0 0 0.478873 6.97183 -0.338278 0 0 
200 96.7441 388.66 0.249087 0 100 100 96.7441 3.60465 0.0129032 0.00860215 1.33118 14.9849 -1.30717 0 0 
300 96.3849 389.389 0.248051 0 100 100 96.3849 3.33241 0.0689942 0.0556941 2.25187 22.7614 -1.85104 0 0 
400 96.0276 387.433 0.24818 0 100 100 96.0276 2.94452 0.0687993 0.0552147 3.18186 30.4943 -2.17324 0 0 
500 96.0106 386.448 0.248715 0 100 100 96.0106 2.71061 0.0696403 0.0572662 4.11856 38.295 -2.65513 0 0.168225 
600 95.8933 385.603 0.248868 0 100 100 95.8933 2.49342 0.0597554 0.0483602 4.77738 46.1178 -3.01617 0 0.169153 
700 95.6607 385.142 0.24865 0 100 100 95.6607 2.326 0.0581201 0.0467186 5.33871 53.9819 -3.09991 0 0.169714 
800 95.7577 384.201 0.249406 0 100 100 95.7577 2.41382 0.0486246 0.038344 6.01417 61.8966 -3.45581 0 0.171137 
900 95.6997 383.919 0.249432 0 100 100 95.6997 2.42549 0.0455936 0.0369753 6.47623 69.8068 -3.8545 0 0.171959 
1000 95.6169 384.033 0.249283 0 100 100 95.6169 2.3964 0.0642202 0.0519878 7.0834 77.7009 -3.83972 0 0.172184 
1100 95.6442 383.482 0.249673 0 100 100 95.6442 2.51575 0.0556328 0.0439499 7.58414 85.6058 -3.68339 0 0.172174 
1200 95.7456 383.085 0.250187 0 100 100 95.7456 2.53488 0.0561579 0.0469836 8.10008 93.5585 -4.06598 0 0.172196 
1300 95.7053 383.121 0.250162 0 100 100 95.7053 2.50139 0.0480956 0.0389213 8.77342 101.468 -4.65959 0 0.172199 
1400 95.7567 382.652 0.25058 0 100 100 95.7567 2.39362 0.0577778 0.0458333 9.36194 109.486 -4.45231 0 0.172348 
1500 95.7296 382.5 0.250689 0 100 100 95.7296 2.29236 0.0533482 0.0430675 9.97888 117.406 -4.33197 0 0.17246 
1600 95.752 382.517 0.25077 0 100 100 95.752 2.3964 0.0455936 0.0389213 10.4393 125.319 -4.09591 0 0.17273 
1700 95.757 382.078 0.251118 0 100 100 95.757 2.46708 0.0494857 0.0405894 10.9463 133.308 -3.4418 0 0.172933 
1800 95.6609 380.468 0.251683 0 100 100 95.6609 2.45597 0.0455809 0.0350195 11.5542 141.325 -3.47945 0 0.173037 
1900 95.7241 381.697 0.251314 0 100 100 95.7241 2.34879 0.0489433 0.0392102 12.0281 149.347 -3.25576 0 0.173216 
2000 95.7321 379.976 0.25254 0 100 100 95.7321 2.40885 0.0498052 0.0431274 12.5434 157.381 -3.50213 0 0.17362 
2100 95.7504 379.294 0.253148 0 100 100 95.7504 2.4543 0.0480823 0.0364091 13.0703 165.553 -3.50903 0 0.173902 
2200 95.7809 378.661 0.253817 0 100 100 95.673 2.43137 0.051168 0.0442158 13.5598 173.63 -3.80734 0 0.174166 
2300 97.0984 377.288 0.2584 0 100 100 95.7501 2.42059 0.0544899 0.0458716 14.104 182.09 -4.0363 0 0.17464 
2400 100.369 374.84 0.268769 0 100 100 95.6293 2.3862 0.0564516 0.044772 14.842 191.095 -6.44324 0 0.176237 
2500 120.127 371.57 0.323839 0 100 99.9997 95.5046 2.49653 0.0603616 0.0517385 15.5547 202.367 -12.1294 0 0.181596 
2600 160.185 368.682 0.432696 0 100 99.9997 95.4186 2.51608 0.0489161 0.0405781 16.6212 218.335 -20.4498 0 0.198397 
2700 215.142 367.694 0.579953 0 100 100 95.4147 2.52846 0.0678155 0.0555864 18.2679 238.15 -30.1783 0 0.23394 
2800 270.728 368.529 0.727112 0 100 100 95.5442 2.53634 0.0514747 0.0434057 20.1221 259.05 -39.5068 0 0.288609 
2900 345.914 370.66 0.927944 0 100 100 95.6516 2.73668 0.0508899 0.0419911 22.0175 280.889 -47.0698 0 0.365859 
3000 419.609 372.317 1.1255 0 100 100 95.5314 2.63977 0.0489161 0.0397443 24.01 300.909 -52.1876 0 0.466251 
3100 497.112 373.716 1.33482 0 100 100 95.3346 2.58291 0.0636465 0.0516954 25.9989 316.861 -54.0134 0 0.584823 
3200 606.117 373.912 1.63354 0 100 100 95.1103 2.5338 0.0497499 0.0422457 27.8027 331.131 -53.8518 0 0.715193 
3300 995.986 372.411 2.7102 0 100 100 94.3461 2.6335 0.0483333 0.0405556 30.2858 351.861 -52.6829 0 0.91733 
3400 1504.49 370.245 4.11205 0 100 100 93.4015 2.67584 0.055571 0.0439011 33.3348 379.892 -50.6865 0 1.27364 
3500 1952.3 366.994 5.35908 0 100 100 92.6974 2.77701 0.0561267 0.0486246 36.0356 407.083 -49.1473 0 1.79435 
3600 2294.86 365.678 6.30688 0 100 100 91.9475 2.74238 0.0630906 0.0505837 37.9747 430.563 -47.9319 0 2.44265 
3700 2550.37 365.354 7.00046 0 100 100 91.6536 2.86624 0.0630556 0.0491667 39.6033 451.267 -47.8356 0 3.17392 
3800 2668.87 364.511 7.33429 0 100 100 91.635 2.79286 0.0527778 0.0436111 40.6392 465.979 -47.6836 0 3.88527 
3900 2723.54 364.029 7.49106 0 100 100 91.7027 2.70173 0.0583982 0.0453281 41.2845 477.739 -48.655 0 4.45053 
4000 2707.32 364.321 7.44376 0 100 100 91.8621 2.69565 0.0600667 0.0483871 41.6838 487.073 -48.2282 0 4.83443 
4100 2807.01 364.252 7.71628 0 100 100 92.0278 2.71547 0.0583658 0.0494719 42.2732 496.243 -47.315 0 5.06941 
4200 2917.95 364.154 8.02063 0 100 100 92.3263 2.73612 0.0625347 0.0519733 42.8494 505.826 -46.3028 0 5.22322 
4300 3104.96 364.489 8.52585 0 100 100 92.6396 2.78992 0.0636288 0.0505696 43.6343 516.148 -44.3878 0 5.38125 
4400 3359.6 364.663 9.2063 0 100 100 92.9255 2.76769 0.057532 0.0475264 44.6001 527.752 -42.9736 0 5.57867 
4500 3860.44 366.654 10.5182 0 100 100 93.5208 2.91498 0.0666667 0.0533333 45.6828 541.266 -40.1332 0 5.89817 
4600 4222.81 367.204 11.4924 0 100 100 93.9533 2.77838 0.0589216 0.0478043 46.8355 555.657 -37.3242 0 6.37173 
4700 4733.2 368.239 12.8598 0 100 100 94.4372 2.84427 0.057254 0.0475264 48.1968 571.078 -34.2347 0 6.97577 
4800 5165.25 368.242 14.034 0 100 100 94.9102 2.7458 0.057548 0.0480956 49.4982 586.402 -31.5952 0 7.69027 
4900 5464.26 369.006 14.8212 0 100 100 95.2453 2.91174 0.0628476 0.0533927 50.4427 600.103 -30.8102 0 8.45995 
5000 5629.85 370.308 15.2391 0 100 100 95.4125 2.76538 0.0553547 0.0478442 51.2971 611.982 -31.1532 0 9.1999 
